Version 0.9.7
7
 4 10 175 77 128 0 1
 5 133 484 206 81 2 2
 0 110 110 877 276 8 3
 3 374 30 203 58 140 4
 1 166 25 206 81 303 10
 1 397 395 206 81 337 11
 1 165 397 206 81 363 12
 0
27
 255 5 71 202 71 202 78 202 78 124 163 124 163 124 0 1 0 3
 0 5 71 262 71 262 96 262 96 135 163 135 163 137 0 1 0 3
 0 5 71 275 71 275 71 358 71 358 163 358 163 358 0 1 0 3
 0 5 345 319 345 319 345 319 345 358 345 358 345 358 0 3 0 3
 255 5 254 124 254 124 254 124 254 176 254 176 254 176 0 3 0 3
 0 5 385 67 385 67 385 137 385 137 384 137 384 137 0 4 0 3
 8454143 5 332 215 332 215 332 195 420 195 420 74 420 74 0 3 0 4
 8454143 5 345 215 345 215 345 207 440 207 440 74 440 74 0 3 0 4
 8454143 5 332 280 332 280 332 273 460 273 460 74 460 74 0 3 0 4
 8454143 5 319 280 319 280 319 288 480 288 480 74 480 74 0 3 0 4
 4227327 5 298 62 298 62 309 62 309 215 306 215 306 215 0 10 0 3
 255 5 181 36 181 36 173 36 173 124 176 124 176 124 0 10 0 3
 0 5 181 94 181 94 181 137 181 137 176 137 176 137 0 10 0 3
 4227327 5 279 62 279 62 289 62 289 215 293 215 293 215 0 10 0 3
 4227327 5 260 62 260 62 272 62 272 215 280 215 280 215 0 10 0 3
 255 5 71 228 71 228 80 228 80 371 163 371 163 371 0 1 0 3
 255 5 410 371 410 371 410 406 410 406 412 406 412 406 0 3 0 11
 0 5 397 358 397 358 398 358 398 464 412 464 412 464 0 3 0 11
 12615935 5 453 406 453 406 453 328 306 328 306 280 306 280 0 11 0 3
 12615935 5 293 280 293 280 293 336 472 336 472 406 472 406 0 3 0 11
 12615935 5 319 215 319 215 319 222 491 222 491 406 491 406 0 3 0 11
 8454016 5 267 215 267 215 221 215 221 215 221 408 221 408 0 3 0 12
 8454016 5 254 280 254 280 239 280 239 408 240 408 240 408 0 3 0 12
 8454016 5 267 280 267 280 267 280 259 280 259 408 259 408 0 3 0 12
 8454016 5 280 280 280 280 280 408 280 408 278 408 278 408 0 3 0 12
 255 5 176 371 176 371 176 408 176 408 180 408 180 408 0 3 0 12
 0 5 176 358 176 358 182 358 182 466 180 466 180 466 0 3 0 12
1
 7170 1 16 248 228 5 0 0 12736 3
