Version 0.9.7
5
 4 10 175 77 128 0 1
 5 80 400 206 81 2 2
 0 110 110 877 276 8 3
 1 109 432 206 81 140 4
 3 390 445 203 58 174 5
 0
56
 255 5 71 189 71 189 109 189 109 137 163 137 163 137 0 1 0 3
 255 5 71 228 71 228 107 228 107 443 124 443 124 443 0 1 0 4
 255 5 176 137 176 137 176 137 176 176 176 176 176 176 0 3 0 3
 65793 5 71 249 71 249 58 249 58 124 163 124 163 124 0 1 0 3
 65793 5 71 288 71 288 71 501 71 501 124 501 124 501 0 1 0 4
 65793 5 267 176 267 176 273 176 273 124 267 124 267 124 0 3 0 3
 65793 5 462 176 462 176 469 176 469 124 462 124 462 124 0 3 0 3
 65793 5 852 176 852 176 860 176 860 124 852 124 852 124 0 3 0 3
 255 5 371 176 371 176 371 176 371 137 371 137 371 137 0 3 0 3
 255 5 761 176 761 176 761 176 761 137 761 137 761 137 0 3 0 3
 9474192 5 137 228 137 228 137 228 137 267 137 267 137 267 0 3 0 3
 16711680 5 184 443 184 443 184 443 184 358 176 358 176 358 0 4 0 3
 8454143 5 165 443 165 443 150 443 150 371 163 371 163 371 0 4 0 3
 8454143 5 189 371 189 371 196 371 196 344 176 344 176 319 0 3 0 3
 4227327 5 189 319 189 319 189 337 384 337 384 319 384 319 0 3 0 3
 16776960 5 202 319 202 319 202 319 202 358 202 358 202 358 0 3 0 3
 16776960 5 319 319 319 319 319 319 319 319 319 358 319 358 0 3 0 3
 16776960 5 410 293 410 293 416 293 416 358 410 358 410 358 0 3 0 3
 8388736 5 215 319 215 319 215 328 371 328 371 319 371 319 0 3 0 3
 128 5 189 293 189 293 189 287 423 287 423 293 423 293 0 3 0 3
 65793 5 267 228 267 228 267 228 267 228 267 267 267 267 0 3 0 3
 65793 5 462 228 462 228 462 228 462 267 462 267 462 267 0 3 0 3
 65793 5 852 228 852 228 852 228 852 267 852 267 852 267 0 3 0 3
 65793 5 839 280 839 280 839 280 852 280 852 280 852 280 0 3 0 3
 65793 5 852 319 852 319 852 531 401 531 401 482 401 482 0 3 0 5
 4194368 5 436 489 436 489 436 515 826 515 826 280 826 280 0 5 0 3
 65280 5 306 176 306 176 306 181 436 181 436 176 436 176 0 3 0 3
 8388863 5 306 202 306 202 306 202 423 202 423 202 423 202 0 3 0 3
 16776960 5 319 267 319 267 319 267 319 215 384 215 384 215 0 3 0 3
 8454143 5 306 371 306 371 306 371 306 319 306 319 306 319 0 3 0 3
 8454143 5 306 267 306 267 306 267 306 228 306 228 306 228 0 3 0 3
 8454143 5 306 215 306 215 306 208 396 208 396 215 397 215 0 3 0 3
 255 5 553 137 553 137 553 137 553 176 553 176 553 176 0 3 0 3
 65793 5 644 124 644 124 652 124 652 176 644 176 644 176 0 3 0 3
 16744576 5 202 215 202 215 202 221 566 221 566 215 566 215 0 3 0 3
 65535 5 410 215 410 215 410 209 579 209 579 215 579 215 0 3 0 3
 65793 5 644 228 644 228 644 228 644 267 644 267 644 267 0 3 0 3
 65793 5 631 280 631 280 631 280 644 280 644 280 644 280 0 3 0 3
 16711808 5 436 293 436 293 436 286 605 286 605 293 605 293 0 3 0 3
 8421440 5 137 293 137 293 137 299 592 299 592 293 592 293 0 3 0 3
 5263440 5 137 306 137 306 137 312 553 312 553 306 553 306 0 3 0 3
 32896 5 397 319 397 319 397 326 566 326 566 319 566 319 0 3 0 3
 8404992 5 579 319 579 319 579 325 761 325 761 319 761 319 0 3 0 3
 16711935 5 774 293 774 293 774 297 618 297 618 293 618 293 0 3 0 3
 16777088 5 787 319 787 319 787 319 800 319 800 319 800 319 0 3 0 3
 16777088 5 813 306 813 306 813 306 865 306 865 306 865 306 0 3 0 3
 16744576 5 137 189 137 189 137 194 605 194 605 189 605 189 0 3 0 3
 16744576 5 319 189 319 189 319 188 423 188 423 189 423 189 0 3 0 3
 4227327 5 449 176 449 176 449 180 618 180 618 176 618 176 0 3 0 3
 8388736 5 631 176 631 176 631 183 787 183 787 176 787 176 0 3 0 3
 8388736 5 592 215 592 215 592 209 774 209 774 215 774 215 0 3 0 3
 1082357 5 800 215 800 215 800 215 865 215 865 215 865 215 0 3 0 3
 16744448 5 865 228 865 228 865 228 865 267 865 267 865 267 0 3 0 3
 3158064 5 137 215 137 215 137 215 189 215 189 215 189 215 0 3 0 3
 3158064 5 449 280 449 280 449 280 462 280 462 280 462 280 0 3 0 3
 3158064 5 254 280 254 280 254 280 267 280 267 280 267 280 0 3 0 3
4
 7004 1 14 170 228 5 0 8583336 22158512 3
 7008 1 14 365 228 5 0 8583336 22158512 3
 7008 1 14 547 228 5 0 8583336 22158512 3
 7032 1 14 755 228 5 0 8583336 22158512 3
