MOV 034 @61 001
MOV *61 @62 001
MOV 080 @63 001
MOV @62 @64 001
DIV @64 @63 @64
JEQ @64 000 @20
PIX @65 00A 000
SUB @62 @63 @62
ADD 001 @65 @65
DIV @63 002 @63
JGR @63 000 @0C
ADD 001 @61 @61
JMP @04 000 000
003 0C0 00F 0F0
01F 0F8 03D 0BC
07D 0BE 07D 0BE
0FD 0BF 0FF 0FF
0FF 0FF 0FF 0FF
06F 0F6 077 0EE
038 01C 01F 0F8
00F 0F0 003 0C0
000 000 000 000
000 000 000 000
000 000 000 000
000 000 000 000
000 000 000 000
000 000 000 000
000 000 000 000
000 000 000 000
000 000 000 000
000 000 000 000
000 000 000 000
000 000 000 000
000 000 000 000
000 000 000 000
000 000 000 000
000 000 000 000
000 000 000 000
000 000 000 000
000 000 000 000
000 000 000 000
000 000 000 000
000 000 000 000
000 000 000 000
000 000 000 000
000 000 000 000
000 000 000 000
000 000 000 000
000 000 000 000
000 000 000 000
000 000 000 000
000 000 000 000
000 000 000 000
000 000 000 000
000 000 000 000
000 000 000 000
000 000 000 000
000 000 000 000
000 000 000 000
000 000 000 000
000 000 000 000
000 000 000 000
000 000 000 000
000 000 000 000